STN,YYYYMMDD,FHVEC,  FHX,   TG,   TN,   TX,    Q,   RH
  260,20160101,   24,   60,   41,   -2,   75,  176,    0
  260,20160102,   56,   60,   54,   46,   63,   86,   33
  260,20160103,   52,   70,   69,   52,   82,  176,   88
  260,20160104,   32,   60,   57,   38,   70,   71,  112
  260,20160105,   29,   50,   68,   47,   77,   90,    3
  260,20160106,   30,   40,   26,   16,   47,  119,    5
  260,20160107,   32,   80,   61,   35,   79,   50,  108
  260,20160108,   37,   70,   54,   14,   83,  369,    0
  260,20160109,   42,   60,   56,   10,   79,  165,    3
  260,20160110,   51,   70,   69,   50,   90,  272,   43
  260,20160111,   31,   50,   48,   21,   67,   73,   19
  260,20160112,   48,   70,   58,   47,   72,  226,  104
  260,20160113,   28,   50,   50,   24,   70,  162,   28
  260,20160114,   42,   70,   35,   16,   53,  121,  134
  260,20160115,   23,   60,   24,  -12,   40,  162,   -1
  260,20160116,   28,   70,   27,  -16,   56,  289,   16
  260,20160117,   12,   40,  -10,  -56,   30,  471,   -1
  260,20160118,   20,   30,  -33,  -67,    0,  553,    0
  260,20160119,   17,   30,  -25,  -80,    7,  289,   -1
  260,20160120,   12,   30,   12,  -37,   53,  225,   -1
  260,20160121,   23,   50,  -12,  -43,   15,  103,    0
  260,20160122,   40,   60,    9,  -22,   57,  350,   41
  260,20160123,   30,   50,   66,   28,   90,  377,    0
  260,20160124,   41,   50,   77,   50,  104,   59,   22
  260,20160125,   35,   70,  107,   74,  146,  457,    0
  260,20160126,   64,   90,   92,   66,  111,  349,   21
  260,20160127,   77,  100,  109,   86,  124,   74,  131
  260,20160128,   40,   60,   67,   49,   90,  561,    2
  260,20160129,   86,  100,   85,   53,  100,   81,   19
  260,20160130,   56,  100,   74,   51,   99,   76,  187
  260,20160131,   38,   60,   68,   36,  108,  222,   45
  260,20160201,   81,  110,  115,  106,  119,  201,    5
  260,20160202,   66,   80,   89,   65,  114,  257,    2
  260,20160203,   40,   70,   50,   31,   70,  403,   43
  260,20160204,   22,   50,   51,   29,   77,  160,   34
  260,20160205,   41,   60,   87,   50,  109,  214,    8
  260,20160206,   51,   70,   94,   83,  106,  193,    1
  260,20160207,   65,   90,   85,   66,  111,  419,   37
  260,20160208,   93,  120,   85,   70,   99,  445,  110
  260,20160209,   37,   90,   53,   33,   82,  108,   88
  260,20160210,   35,   60,   48,   18,   83,  413,   57
  260,20160211,   24,   40,   38,  -16,   83,  573,    2
  260,20160212,   21,   40,   27,  -17,   66,  507,   -1
  260,20160213,   40,   60,   18,  -20,   44,  555,    5
  260,20160214,   44,   70,   14,    5,   26,  151,  146
  260,20160215,   40,   70,   23,  -31,   56,  654,    1
  260,20160216,   10,   30,   -3,  -50,   61,  957,    0
  260,20160217,   23,   40,  -13,  -52,   35,  871,    0
  260,20160218,   28,   40,   13,  -23,   31,  293,   13
  260,20160219,   31,   70,   39,   12,   83,  659,    5
  260,20160220,   61,   80,   82,   50,  111,  209,   90
  260,20160221,   73,  100,  104,   86,  116,  139,   83
  260,20160222,   39,   90,   68,   44,  113,  245,   35
  260,20160223,   23,   50,   43,    8,   79,  678,   33
  260,20160224,   13,   30,   23,  -14,   65,  687,    4
  260,20160225,   20,   40,   18,  -10,   54,  680,   19
  260,20160226,    7,   30,   21,   -7,   55,  419,    0
  260,20160227,   38,   60,   22,  -16,   63, 1091,    0
  260,20160228,   38,   70,   22,  -17,   66, 1065,    0
  260,20160229,   25,   50,   13,  -43,   67, 1165,    0
  260,20160301,   45,   80,   20,  -54,   86,  273,   61
  260,20160302,   46,   70,   53,   27,   90,  652,   68
  260,20160303,   15,   50,   39,   -4,   84, 1006,    8
  260,20160304,   35,   80,   10,  -25,   32,  169,  125
  260,20160305,   13,   30,    5,  -45,   64,  770,    2
  260,20160306,    4,   50,   30,    7,   73,  650,   17
  260,20160307,    6,   30,   25,   -8,   78,  831,   25
  260,20160308,   21,   40,   36,  -22,   83,  889,   -1
  260,20160309,   55,   90,   44,   14,   81,  858,    0
  260,20160310,   29,   40,   41,  -12,   92, 1209,    0
  260,20160311,   27,   40,   32,  -15,   85, 1300,    0
  260,20160312,   21,   40,   31,  -27,  101, 1386,    0
  260,20160313,   37,   60,   39,  -16,   99, 1459,    0
  260,20160314,   39,   70,   41,  -20,  104, 1476,    0
  260,20160315,   28,   50,   46,   -6,   83,  427,    0
  260,20160316,   48,   80,   44,   -2,   90, 1399,    0
  260,20160317,   31,   50,   57,    0,  120, 1525,    0
  260,20160318,   26,   30,   52,   24,   68,  321,   -1
  260,20160319,   39,   50,   62,   51,   75,  583,    0
  260,20160320,   26,   40,   68,   42,   96,  731,    7
  260,20160321,   26,   50,   72,   58,   93,  438,   12
  260,20160322,   25,   40,   76,   46,  101,  579,    1
  260,20160323,   26,   50,   76,   62,  101,  800,    3
  260,20160324,   31,   60,   79,   66,   99,  459,    1
  260,20160325,   26,   60,   65,    0,   96,  468,   44
  260,20160326,   56,   90,   95,    6,  149, 1626,    0
  260,20160327,   52,   90,   91,   55,  133,  890,   73
  260,20160328,   70,  110,   97,   75,  129, 1161,    9
  260,20160329,   49,   80,   78,   55,  112,  700,   83
  260,20160330,   37,   70,   81,   43,  117, 1394,   12
  260,20160331,   24,   50,   76,   31,  116,  939,    0
  260,20160401,   10,   30,   72,   12,  130, 1836,    0
  260,20160402,   24,   40,  101,   37,  134,  960,   -1
  260,20160403,   20,   50,  152,  121,  204, 1302,   97
  260,20160404,   27,   60,  124,   75,  158, 1040,   63
  260,20160405,   23,   50,  106,   80,  133,  751,   14
  260,20160406,   56,   80,   89,   68,  117,  627,   41
  260,20160407,   41,   70,   73,   53,  104, 1145,   41
  260,20160408,   12,   30,   67,   16,  115,  779,   22
  260,20160409,   29,   50,   92,   10,  149, 1593,    0
  260,20160410,   19,   50,  107,   52,  157, 1993,   17
  260,20160411,   58,   90,  132,   73,  182, 2081,   -1
  260,20160412,   17,   40,  116,   50,  167, 1612,   30
  260,20160413,   12,   50,   90,   36,  158, 1628,    0
  260,20160414,   12,   40,  106,   29,  167, 1625,    0
  260,20160415,   23,   70,  103,   89,  141,  736,  101
  260,20160416,   43,   70,   86,   54,  118, 1362,    7
  260,20160417,   15,   50,   62,   10,  106, 1474,   43
  260,20160418,   38,   70,   81,   -1,  130, 1475,   -1
  260,20160419,   27,   50,   97,   40,  136, 1720,    0
  260,20160420,   27,   50,   86,   30,  138, 2274,    0
  260,20160421,   35,   50,  101,   27,  166, 2331,    0
  260,20160422,   36,   50,   87,   57,  125, 1614,    0
  260,20160423,   30,   70,   62,   30,   93, 1693,   30
  260,20160424,   32,   60,   46,   21,   88, 1739,   22
  260,20160425,   29,   60,   49,   17,   80,  776,   41
  260,20160426,   47,   80,   48,   13,   77, 1150,  119
  260,20160427,   34,   60,   60,   32,  107, 1601,   28
  260,20160428,   21,   50,   58,    7,   93, 1726,   10
  260,20160429,   49,   70,   74,   46,  106, 1051,  100
  260,20160430,   22,   50,   77,   28,  112, 1663,    0
  260,20160501,   20,   40,   79,   -1,  141, 2523,    0
  260,20160502,   30,   50,  115,   16,  179, 2203,    1
  260,20160503,   32,   50,   97,   30,  140, 2381,   35
  260,20160504,   17,   30,   95,   17,  160, 2059,    0
  260,20160505,   31,   60,  128,   29,  188, 2676,    0
  260,20160506,   33,   60,  164,   81,  236, 2601,    0
  260,20160507,   34,   60,  195,   94,  258, 2653,    0
  260,20160508,   51,   70,  201,  127,  252, 2663,    0
  260,20160509,   56,   80,  202,  142,  253, 2586,    0
  260,20160510,   32,   50,  189,  154,  221, 1247,   -1
  260,20160511,   33,   50,  204,  141,  255, 1986,   -1
  260,20160512,   53,   90,  202,  144,  251, 2432,    0
  260,20160513,   50,   70,  154,   97,  222, 2685,    0
  260,20160514,   43,   60,   89,   64,  121, 1734,   -1
  260,20160515,   34,   60,   86,   53,  121, 1883,    1
  260,20160516,   24,   40,   93,   40,  136, 1511,    3
  260,20160517,   24,   50,  123,   50,  181, 1647,    0
  260,20160518,   25,   40,  136,   83,  187, 1322,    4
  260,20160519,   20,   40,  134,  104,  173, 1156,    2
  260,20160520,   34,   50,  137,  107,  186,  870,    5
  260,20160521,   37,   60,  179,  107,  234, 1797,   -1
  260,20160522,    4,   40,  155,  129,  190,  672,  153
  260,20160523,   42,   60,  120,  105,  133,  579,  184
  260,20160524,   36,   50,  114,   98,  146, 1516,   -1
  260,20160525,   12,   30,  118,   77,  145,  619,    1
  260,20160526,   17,   40,  137,   56,  193, 2018,    0
  260,20160527,   31,   50,  160,  106,  209, 1855,    0
  260,20160528,   23,   40,  176,  112,  227, 1912,   -1
  260,20160529,   34,   50,  172,  140,  205,  922,    4
  260,20160530,   48,   70,  162,  153,  180,  499,   66
  260,20160531,   25,   50,  182,  131,  226, 1726,    0
  260,20160601,   37,   60,  192,  154,  243, 1726,   15
  260,20160602,   47,   60,  153,  137,  172,  622,   -1
  260,20160603,   20,   30,  164,  137,  214, 1160,   -1
  260,20160604,   18,   50,  201,  141,  275, 2095,    5
  260,20160605,   34,   50,  200,  137,  256, 2874,    0
  260,20160606,   28,   40,  189,  117,  256, 2955,    0
  260,20160607,   29,   50,  201,  153,  265, 2438,   -1
  260,20160608,   27,   60,  161,  127,  216, 2180,    0
  260,20160609,   29,   40,  153,  110,  203, 2959,    0
  260,20160610,   16,   30,  164,  108,  212, 2421,   -1
  260,20160611,   13,   30,  162,  120,  208, 1518,   13
  260,20160612,    5,   20,  166,  135,  211, 1111,   33
  260,20160613,   24,   50,  159,  146,  190, 1192,   26
  260,20160614,   25,   50,  152,  111,  191, 1170,  224
  260,20160615,   14,   30,  146,  113,  187, 1511,   62
  260,20160616,    5,   30,  157,   92,  211, 2111,   26
  260,20160617,   16,   40,  151,  111,  195, 1328,   40
  260,20160618,   28,   50,  141,   99,  171, 1559,   11
  260,20160619,   16,   40,  153,  121,  189, 1973,   -1
  260,20160620,   41,   60,  155,  141,  168,  429,  182
  260,20160621,   20,   40,  170,  134,  201,  899,   39
  260,20160622,   19,   30,  201,  147,  249, 2151,    0
  260,20160623,    9,   40,  220,  182,  284, 1647,  495
  260,20160624,   18,   30,  192,  133,  227, 1394,    7
  260,20160625,   14,   30,  154,  109,  193, 1149,   14
  260,20160626,   27,   40,  149,  121,  183, 1267,  190
  260,20160627,   23,   50,  149,  109,  189, 1050,   23
  260,20160628,   21,   40,  167,   92,  218, 2039,   50
  260,20160629,   41,   70,  160,  132,  202, 1690,   16
  260,20160630,   37,   50,  164,  144,  192,  860,   76
  260,20160701,   48,   70,  169,  143,  198,  816,   22
  260,20160702,   46,   70,  154,  120,  187, 2224,   15
  260,20160703,   19,   40,  147,   99,  198, 1872,  178
  260,20160704,   10,   30,  170,   86,  228, 2559,    0
  260,20160705,   35,   60,  154,  115,  181, 1107,   19
  260,20160706,   23,   40,  149,   94,  194, 2504,    5
  260,20160707,   21,   50,  168,   83,  221, 2082,    0
  260,20160708,   33,   60,  175,  151,  212,  973,   47
  260,20160709,   32,   50,  197,  146,  236, 1800,    0
  260,20160710,   31,   50,  213,  159,  274, 2320,    0
  260,20160711,   59,   80,  186,  162,  217, 1663,    0
  260,20160712,   26,   50,  166,  125,  203, 1551,   99
  260,20160713,   12,   50,  145,  111,  183, 1261,   42
  260,20160714,   27,   50,  145,   87,  192, 1921,    0
  260,20160715,   25,   50,  166,   91,  213, 2270,    0
  260,20160716,   30,   50,  197,  169,  226, 1143,    0
  260,20160717,   24,   40,  198,  145,  238, 2018,   -1
  260,20160718,   13,   40,  202,  132,  265, 2749,    0
  260,20160719,   19,   30,  228,  120,  295, 2714,    0
  260,20160720,   20,   60,  254,  188,  329, 2308,    0
  260,20160721,   21,   40,  218,  164,  274, 2368,    0
  260,20160722,    8,   20,  211,  168,  261, 1734,  117
  260,20160723,   21,   40,  211,  176,  253, 1911,    0
  260,20160724,    5,   30,  207,  155,  255, 1635,    0
  260,20160725,   19,   40,  182,  126,  224, 1123,    5
  260,20160726,    5,   30,  184,  114,  234, 1494,    0
  260,20160727,   30,   50,  179,  160,  213, 1230,   64
  260,20160728,   21,   50,  190,  154,  235, 1863,    5
  260,20160729,   35,   50,  183,  154,  212, 1083,   38
  260,20160730,   16,   50,  177,  160,  209,  909,   72
  260,20160731,   22,   50,  170,  129,  205, 1608,    2
  260,20160801,   16,   50,  165,  131,  210, 1883,   68
  260,20160802,   26,   40,  166,  136,  186,  614,   83
  260,20160803,   52,   70,  190,  164,  217,  929,   19
  260,20160804,   41,   60,  173,  150,  208, 1096,   -1
  260,20160805,   23,   50,  176,  129,  216, 2066,    0
  260,20160806,   18,   50,  164,  105,  224, 1601,   64
  260,20160807,   40,   60,  184,  105,  228,  974,    0
  260,20160808,   36,   60,  172,  125,  205, 1840,    1
  260,20160809,   21,   40,  144,  103,  185, 1692,   74
  260,20160810,   18,   40,  128,   69,  168, 1881,   13
  260,20160811,   33,   60,  136,   67,  163,  529,   96
  260,20160812,   32,   50,  189,  163,  226, 1047,   16
  260,20160813,   30,   50,  176,  143,  215, 1130,    0
  260,20160814,   16,   40,  170,   96,  217, 1464,    0
  260,20160815,   23,   40,  161,   82,  217, 2178,    0
  260,20160816,   33,   50,  163,  114,  210, 2302,    0
  260,20160817,   34,   70,  172,  100,  234, 2456,    0
  260,20160818,   28,   50,  177,   97,  242, 2361,    0
  260,20160819,   16,   60,  181,   98,  243, 1298,   34
  260,20160820,   40,   70,  178,  148,  229, 1653,   54
  260,20160821,   40,   60,  167,  147,  198,  962,  145
  260,20160822,   35,   60,  180,  142,  227,  894,   32
  260,20160823,   15,   30,  210,  140,  269, 2173,    0
  260,20160824,   26,   40,  228,  170,  302, 2187,    0
  260,20160825,   23,   30,  243,  172,  310, 2118,    0
  260,20160826,   18,   40,  221,  176,  262, 1904,    0
  260,20160827,   31,   50,  216,  161,  265, 1823,   11
  260,20160828,   33,   60,  205,  177,  246, 1371,    4
  260,20160829,   19,   40,  172,  100,  214, 1279,    2
  260,20160830,    4,   20,  162,   85,  238, 1992,    0
  260,20160831,   10,   40,  174,   86,  254, 1981,    0
  260,20160901,   10,   30,  172,  102,  229, 1137,    0
  260,20160902,   28,   50,  166,   97,  217, 1301,   10
  260,20160903,   28,   50,  185,  144,  229, 1371,   10
  260,20160904,   43,   60,  179,  157,  213,  994,   28
  260,20160905,   16,   40,  173,  115,  228, 1255,   -1
  260,20160906,   14,   40,  177,  113,  242, 1217,    0
  260,20160907,   13,   30,  183,  114,  268, 1881,    0
  260,20160908,   18,   40,  196,  116,  276, 1765,    0
  260,20160909,   18,   40,  169,  117,  229, 1606,    0
  260,20160910,   23,   50,  184,  113,  257, 1740,    0
  260,20160911,   11,   30,  185,  148,  217,  963,   12
  260,20160912,   12,   30,  209,  150,  281, 1733,    0
  260,20160913,   24,   50,  235,  152,  312, 1663,    0
  260,20160914,   19,   40,  230,  153,  314, 1664,    0
  260,20160915,   11,   50,  226,  165,  290, 1526,   42
  260,20160916,   28,   50,  174,  155,  212,  673,   12
  260,20160917,    9,   30,  173,  137,  216,  835,    0
  260,20160918,   28,   40,  167,  142,  207, 1189,    0
  260,20160919,   11,   20,  144,   95,  198,  798,    0
  260,20160920,   10,   20,  145,   79,  200, 1114,    0
  260,20160921,   19,   40,  147,   83,  207, 1367,    0
  260,20160922,   16,   30,  138,   69,  213, 1059,    0
  260,20160923,   14,   40,  136,   73,  203, 1462,   -1
  260,20160924,   26,   40,  152,   83,  236, 1436,    0
  260,20160925,   26,   50,  163,  121,  243, 1212,   35
  260,20160926,    4,   20,  135,   76,  191,  979,    0
  260,20160927,   24,   50,  145,   56,  204, 1431,    0
  260,20160928,   46,   70,  187,  162,  216, 1198,   -1
  260,20160929,   51,   80,  159,  138,  177,  291,   27
  260,20160930,   29,   60,  145,  108,  187,  989,   -1
  260,20161001,   26,   40,  135,   99,  176,  779,   10
  260,20161002,   28,   50,  121,   88,  157,  620,  107
  260,20161003,   22,   40,  145,  111,  190, 1124,   -1
  260,20161004,   41,   60,  130,   99,  173,  896,    0
  260,20161005,   46,   80,   98,   54,  141, 1339,    0
  260,20161006,   36,   50,   94,   39,  127,  938,    0
  260,20161007,   28,   40,  118,  100,  145,  568,    0
  260,20161008,   22,   30,  110,   65,  142,  856,   -1
  260,20161009,    9,   20,   79,   13,  145,  932,    4
  260,20161010,   15,   40,   79,   19,  135,  952,    0
  260,20161011,   16,   30,   80,    3,  131,  461,   -1
  260,20161012,   40,   60,   89,   68,  110,  467,    0
  260,20161013,   56,   70,   91,   77,  114,  509,    0
  260,20161014,   45,   60,   99,   73,  134,  809,   47
  260,20161015,   21,   40,  107,   89,  137,  264,   41
  260,20161016,   32,   50,  133,   82,  188, 1051,   -1
  260,20161017,   19,   40,  121,   82,  163,  607,    2
  260,20161018,   33,   60,  102,   75,  128,  350,  117
  260,20161019,   24,   60,   88,   44,  120,  703,  134
  260,20161020,   23,   50,   85,   27,  120,  293,    9
  260,20161021,   11,   30,   76,   15,  127,  681,    2
  260,20161022,   12,   30,   67,   10,  104,  486,    0
  260,20161023,   11,   30,   48,   -7,  116,  914,    0
  260,20161024,   22,   40,   71,   41,   95,  373,    0
  260,20161025,   13,   30,   87,   79,  101,  262,    0
  260,20161026,   19,   30,   95,   40,  126,  518,   -1
  260,20161027,   34,   50,  118,  104,  138,  323,    0
  260,20161028,   27,   50,  131,  103,  148,  140,   -1
  260,20161029,    5,   20,   96,   52,  154,  659,    0
  260,20161030,    4,   20,   87,   41,  153,  594,    0
  260,20161031,    8,   20,   85,   29,  162,  749,    0
  260,20161101,    8,   50,   81,   40,  138,  248,    2
  260,20161102,   21,   40,   72,   22,  117,  636,   42
  260,20161103,   23,   40,   67,    8,  120,  486,    6
  260,20161104,   37,   50,   76,   63,   97,  273,   27
  260,20161105,   24,   40,   69,   49,  108,  391,   31
  260,20161106,   23,   40,   61,   24,   93,  365,   51
  260,20161107,   23,   50,   42,   -1,   57,  156,   17
  260,20161108,   13,   30,   19,  -29,   56,  402,   15
  260,20161109,   22,   40,   30,    5,   43,  128,   37
  260,20161110,   19,   40,   40,   31,   52,  200,  139
  260,20161111,   25,   50,   18,  -31,   58,  602,    2
  260,20161112,   31,   40,   20,  -33,   50,  422,    8
  260,20161113,   21,   30,   27,  -10,   47,  127,   17
  260,20161114,   30,   50,   31,  -23,   69,  191,   39
  260,20161115,   29,   50,  108,   69,  129,   80,   35
  260,20161116,   38,   50,  119,   93,  142,  254,   56
  260,20161117,   52,   90,   93,   76,  115,  258,  120
  260,20161118,   55,   80,   60,   32,   82,  265,    7
  260,20161119,   46,   60,   58,   40,   81,  385,   -1
  260,20161120,   55,  130,   84,   48,  125,   93,   46
  260,20161121,   44,   60,  120,   81,  139,  187,   49
  260,20161122,   44,   60,  110,   65,  136,  383,    0
  260,20161123,   24,   50,   79,   37,  111,  164,    0
  260,20161124,   57,   80,   66,   30,   87,  359,    0
  260,20161125,   40,   70,   33,   -6,   84,  484,    0
  260,20161126,    9,   20,   -1,  -26,   36,  396,    0
  260,20161127,   17,   40,   56,  -10,   94,  258,   -1
  260,20161128,   27,   50,   -3,  -41,   42,  466,    0
  260,20161129,    5,   20,  -31,  -70,   43,  552,    0
  260,20161130,   25,   30,   20,  -70,   68,  248,    0
  260,20161201,   29,   40,   79,   51,   94,  162,   -1
  260,20161202,   17,   30,   52,  -25,   94,  172,    9
  260,20161203,    6,   10,   -1,  -43,   81,  291,    0
  260,20161204,   23,   30,  -14,  -50,   40,  450,    0
  260,20161205,   13,   20,  -27,  -69,   41,  393,    0
  260,20161206,   18,   30,    1,  -53,   54,  404,    0
  260,20161207,   37,   60,   63,   18,   95,  152,    0
  260,20161208,   45,   60,   82,   64,   96,  213,    1
  260,20161209,   39,   50,   91,   74,  104,   78,    0
  260,20161210,   43,   60,   78,   66,   92,   28,   49
  260,20161211,   35,   70,   85,   69,   96,  172,   17
  260,20161212,   17,   30,   53,    8,   76,  135,    0
  260,20161213,   27,   40,   66,   53,   75,   56,    1
  260,20161214,   20,   30,   73,   48,   91,  220,    0
  260,20161215,   39,   50,   65,   52,   79,   64,    0
  260,20161216,   30,   40,   54,   27,   75,  228,    0
  260,20161217,   12,   30,   61,   32,   85,   59,   -1
  260,20161218,   17,   30,   62,   26,   91,  159,    0
  260,20161219,   22,   40,   43,   -2,   75,  262,    0
  260,20161220,   15,   30,   -6,  -27,   10,  311,    0
  260,20161221,   46,   60,   41,    0,   71,  185,   24
  260,20161222,   33,   50,   59,   48,   69,   98,   15
  260,20161223,   53,   80,   60,   43,   80,  143,    8
  260,20161224,   50,   70,   79,   61,   97,  192,   10
  260,20161225,   61,   70,  104,   81,  117,   45,    5
  260,20161226,   52,   70,   83,   61,  118,  285,   19
  260,20161227,   26,   50,   66,   30,   93,  293,   11
  260,20161228,   13,   20,   10,  -31,   43,  116,    0
  260,20161229,   15,   30,  -22,  -40,   -8,  144,   -1
  260,20161230,   19,   40,  -11,  -40,   15,  169,   -1
  260,20161231,   33,   40,   18,    8,   33,   83,    2
  260,20170101,   38,   50,    5,   -8,   19,   56,   19
  260,20170102,   19,   30,   30,   -3,   68,  320,    5
  260,20170103,   42,   60,   50,   15,   71,  117,    7
  260,20170104,   45,   60,   58,   26,   73,  274,   18
  260,20170105,   18,   40,    0,  -59,   33,  378,   -1
  260,20170106,   25,   40,  -30,  -65,   -3,  392,    0
  260,20170107,   28,   50,   -2,  -21,   34,   61,   52
  260,20170108,    9,   20,   43,   28,   61,  121,    0
  260,20170109,   37,   60,   48,   33,   59,   62,   48
  260,20170110,   27,   50,   53,   29,   66,  192,   38
  260,20170111,   53,   80,   72,   57,  104,  254,    5
  260,20170112,   31,   60,   52,    2,   74,  222,  143
  260,20170113,   40,   70,   31,    2,   56,  332,   96
  260,20170114,   29,   50,   18,    1,   48,  194,   51
  260,20170115,   15,   20,    7,  -18,   48,  292,    0
  260,20170116,   13,   30,  -16,  -44,   12,  275,   -1
  260,20170117,   15,   30,  -34,  -50,   13,  362,    0
  260,20170118,   11,   20,  -38,  -53,  -19,  214,   -1
  260,20170119,   12,   20,  -20,  -56,   31,  570,    0
  260,20170120,   20,   30,   -3,  -52,   51,  456,    0
  260,20170121,   22,   40,   -2,  -52,   50,  503,    0
  260,20170122,    2,   20,  -17,  -74,   37,  637,    0
  260,20170123,   16,   30,   16,   -3,   31,  180,   -1
  260,20170124,   19,   30,    8,    0,   21,  152,    3
  260,20170125,   22,   40,  -11,  -43,    6,  162,    0
  260,20170126,   29,   40,  -28,  -53,    6,  480,    0
  260,20170127,   34,   50,    8,  -70,   51,  429,    0
  260,20170128,   34,   50,   54,   20,   81,  329,   -1
  260,20170129,   36,   50,   47,   31,   65,  198,   36
  260,20170130,    6,   50,   49,   28,   72,  109,   65
  260,20170131,   13,   40,   37,   26,   61,  267,    0
  260,20170201,   48,   60,   34,    5,   54,  216,   12
  260,20170202,   44,   60,   86,   52,  125,  482,   10
  260,20170203,   31,   50,   86,   63,  119,  345,    1
  260,20170204,   12,   40,   57,   26,   74,  262,   83
  260,20170205,    4,   30,   44,  -11,   77,  492,   -1
  260,20170206,   12,   30,   43,  -10,   66,  205,    0
  260,20170207,   41,   50,   24,    9,   39,  123,   25
  260,20170208,   37,   40,    0,  -11,    9,   87,    2
  260,20170209,   39,   50,  -16,  -30,  -10,  142,   -1
  260,20170210,   33,   50,  -23,  -45,  -13,  149,    2
  260,20170211,   33,   50,   -4,  -17,   10,  203,   45
  260,20170212,   50,   60,    7,   -6,   25,  538,    3
  260,20170213,   54,   70,   22,  -14,   71,  820,    0
  260,20170214,   34,   70,   38,   -5,   94,  826,    0
  260,20170215,   24,   40,   74,    3,  135,  756,   -1
  260,20170216,   35,   40,   68,   55,   99,  277,    5
  260,20170217,   26,   40,   70,   52,   86,  297,    6
  260,20170218,   20,   40,   56,   32,  103,  657,    0
  260,20170219,   31,   50,   62,   32,   92,  225,    6
  260,20170220,   45,   60,   91,   72,  109,  156,   53
  260,20170221,   39,   70,   96,   86,  111,  720,    3
  260,20170222,   62,   80,   95,   78,  108,  111,  175
  260,20170223,   74,  130,   80,   42,  105,  163,  145
  260,20170224,   28,   50,   45,   -6,   87,  825,    6
  260,20170225,   53,   70,   58,   18,   89,  336,    7
  260,20170226,   53,   60,   87,   67,  106,  173,   21
  260,20170227,   60,   80,   87,   43,  106,  199,  138
  260,20170228,   61,   90,   47,   32,   65,  461,   28
  260,20170301,   31,   60,   63,   32,   94,  641,   35
  260,20170302,   59,   90,   66,   42,   82,  323,   84
  260,20170303,   36,   60,   59,   12,   88,  433,   11
  260,20170304,   25,   50,   92,   62,  132,  494,   61
  260,20170305,   51,   70,   69,   38,  106,  741,   38
  260,20170306,    4,   30,   60,   32,   95,  731,   23
  260,20170307,   23,   40,   67,   45,   94,  493,    1
  260,20170308,   26,   70,   59,    8,  106,  151,  137
  260,20170309,   27,   80,   77,    7,  128,  681,    1
  260,20170310,   11,   30,   65,   -9,  112, 1202,    0
  260,20170311,   18,   30,   73,   15,  130,  886,    0
  260,20170312,   29,   50,   79,   14,  148, 1356,    0
  260,20170313,   18,   40,   65,   -5,  137, 1111,    0
  260,20170314,   31,   50,   88,   32,  149,  998,    0
  260,20170315,   15,   30,   90,   16,  139, 1358,    0
  260,20170316,   22,   50,   94,   11,  168, 1424,    0
  260,20170317,   45,   70,   83,   67,  103,  891,   57
  260,20170318,   38,   80,   97,   74,  127,  262,   62
  260,20170319,   59,   80,  113,   98,  127,  316,    2
  260,20170320,   60,   80,  103,   88,  115,  238,   94
  260,20170321,   38,   70,   75,   13,   98, 1370,   -1
  260,20170322,   35,   60,   63,   -3,  124, 1441,    0
  260,20170323,   43,   70,   82,   19,  140, 1618,    0
  260,20170324,   45,   60,   84,   31,  142, 1677,    0
  260,20170325,   44,   70,   85,   21,  143, 1649,    0
  260,20170326,   34,   50,   80,   33,  130, 1382,    0
  260,20170327,   20,   50,   92,   18,  174, 1798,    0
  260,20170328,   23,   50,  113,    6,  197, 1701,    1
  260,20170329,   44,   60,  126,  103,  147,  500,   -1
  260,20170330,   34,   60,  157,  108,  218, 1338,    0
  260,20170331,   25,   60,  145,   89,  218, 1212,   14
  260,20170401,   14,   40,  108,   60,  141,  596,   -1
  260,20170402,   11,   40,  103,   44,  169, 1709,    0
  260,20170403,    8,   20,   81,   27,  143, 1106,    0
  260,20170404,    8,   40,   98,   22,  165, 1406,    0
  260,20170405,   35,   50,   92,   62,  128, 1270,    0
  260,20170406,   27,   40,   81,   38,  118,  942,   -1
  260,20170407,   23,   30,  105,   73,  138,  953,    0
  260,20170408,    2,   20,   96,   29,  155, 1365,    0
  260,20170409,   20,   40,  117,    8,  210, 2091,    0
  260,20170410,   33,   50,   98,   41,  155, 1301,    0
  260,20170411,   30,   50,   96,   23,  138, 1560,    0
  260,20170412,   40,   60,   98,   83,  119,  616,    8
  260,20170413,   32,   50,   93,   60,  133, 1538,   -1
  260,20170414,   30,   50,   99,   65,  130,  807,   -1
  260,20170415,   42,   60,   96,   65,  121, 1306,   34
  260,20170416,   25,   50,   79,   50,  108, 1127,   29
  260,20170417,   32,   60,   65,   27,  109, 1643,   86
  260,20170418,   25,   60,   61,    8,  111, 1745,   -1
  260,20170419,   27,   50,   39,  -13,   83, 1523,    0
  260,20170420,   19,   40,   69,  -34,  129, 2188,    0
  260,20170421,   32,   60,  111,   82,  149,  992,    8
  260,20170422,   35,   60,   78,   40,  113, 1524,    6
  260,20170423,   18,   40,   66,   20,  114, 1366,    1
  260,20170424,   37,   60,   93,   52,  130,  958,   27
  260,20170425,   34,   60,   59,   21,   99, 1824,   20
  260,20170426,   19,   40,   50,  -14,  104, 1821,    3
  260,20170427,   24,   50,   61,  -20,  109, 1905,    2
  260,20170428,   19,   40,   76,   30,  117, 1324,   19
  260,20170429,    6,   30,   76,    5,  140, 1829,   -1
  260,20170430,   58,   90,  123,   33,  184, 2347,    0
  260,20170501,   24,   60,  117,   82,  137,  872,    9
  260,20170502,   19,   50,  100,   47,  152,  925,   47
  260,20170503,   30,   40,  107,   77,  152,  842,   35
  260,20170504,   50,   70,  104,   77,  133, 1453,   -1
  260,20170505,   33,   60,   89,   66,  111,  702,   -1
  260,20170506,   39,   60,  128,   59,  188, 2430,    0
  260,20170507,   31,   50,  117,   86,  162, 1233,    0
  260,20170508,   34,   70,   97,   43,  153, 1449,   -1
  260,20170509,   22,   40,   80,   11,  138, 1791,    0
  260,20170510,   10,   30,   90,   -1,  159, 2393,    0
  260,20170511,   30,   50,  154,   47,  228, 2408,    3
  260,20170512,   23,   50,  155,  120,  212, 1248,  125
  260,20170513,   21,   50,  140,   85,  190, 1250,  100
  260,20170514,   22,   60,  134,   66,  199, 1792,   19
  260,20170515,   22,   40,  149,   55,  212, 2345,   -1
  260,20170516,   21,   40,  204,  152,  262, 1521,   -1
  260,20170517,   23,   50,  223,  144,  284, 2291,    0
  260,20170518,    8,   60,  165,  144,  211, 1128,    3
  260,20170519,   37,   80,  136,  105,  167,  822,    1
  260,20170520,   26,   50,  125,   74,  173, 2101,   12
  260,20170521,    8,   30,  144,   54,  202, 2230,    0
  260,20170522,   16,   40,  176,   81,  246, 2615,    0
  260,20170523,   27,   60,  161,   99,  210, 2560,    0
  260,20170524,   21,   50,  159,   90,  223, 2171,    0
  260,20170525,   20,   40,  174,   92,  230, 2832,    0
  260,20170526,   36,   60,  203,  110,  266, 2898,    0
  260,20170527,   25,   60,  229,  160,  319, 2826,    0
  260,20170528,    7,   40,  205,  149,  266, 2612,    0
  260,20170529,    3,   60,  219,  154,  286, 2279,    3
  260,20170530,   38,   50,  183,  155,  212, 1517,    0
  260,20170531,   20,   50,  174,  107,  222, 2231,    0
  260,20170601,   14,   30,  166,   75,  234, 2927,    0
  260,20170602,    9,   40,  198,  108,  266, 2274,    0
  260,20170603,   21,   50,  184,  143,  237, 1790,   21
  260,20170604,   27,   50,  154,   87,  195, 2386,    0
  260,20170605,   37,   70,  171,   84,  229, 2048,    0
  260,20170606,   57,  100,  141,  110,  174, 1034,  105
  260,20170607,   61,   80,  140,  113,  174, 1051,   51
  260,20170608,   37,   60,  168,  117,  232, 1770,    3
  260,20170609,   35,   60,  165,  130,  196, 1619,  212
  260,20170610,   28,   50,  178,  117,  239, 2418,    0
  260,20170611,   26,   50,  199,  121,  271, 1965,   -1
  260,20170612,   41,   60,  161,  145,  178,  939,   -1
  260,20170613,   21,   40,  163,   93,  208, 2103,    0
  260,20170614,   12,   30,  174,   75,  244, 2995,    0
  260,20170615,   24,   60,  200,  120,  264, 2538,    0
  260,20170616,   34,   50,  162,  129,  180, 1332,    0
  260,20170617,   22,   40,  186,  129,  232, 1659,    0
  260,20170618,    7,   30,  208,  111,  278, 2607,    0
  260,20170619,    5,   30,  236,  137,  309, 2883,    0
  260,20170620,   37,   50,  216,  149,  274, 2392,    0
  260,20170621,   20,   40,  214,  131,  291, 2643,    0
  260,20170622,   34,   60,  229,  171,  308, 2226,   13
  260,20170623,   42,   60,  196,  168,  232, 2113,    0
  260,20170624,   45,   50,  171,  163,  179,  371,   55
  260,20170625,   37,   50,  175,  154,  190,  815,   46
  260,20170626,   21,   40,  168,  123,  206, 2441,    0
  260,20170627,   36,   50,  173,  113,  218, 1624,   28
  260,20170628,   16,   40,  180,  150,  219,  613,   31
  260,20170629,   18,   40,  175,  133,  217, 1276,    1
  260,20170630,   21,   50,  162,  116,  208, 1062,   42
  260,20170701,   25,   50,  161,  139,  210,  874,   69
  260,20170702,   25,   50,  156,   89,  196, 1654,    6
  260,20170703,   32,   60,  166,   81,  220, 1956,   10
  260,20170704,    8,   20,  186,  150,  232, 2048,   -1
  260,20170705,   16,   40,  190,  120,  248, 1919,    0
  260,20170706,   13,   30,  199,  108,  265, 2191,  170
  260,20170707,   20,   50,  206,  153,  260, 2189,   -1
  260,20170708,   14,   40,  186,  113,  245, 1570,   -1
  260,20170709,   17,   30,  172,   91,  232, 2711,    0
  260,20170710,   10,   50,  196,  140,  259, 1948,    1
  260,20170711,   28,   40,  177,  153,  207, 1095,   33
  260,20170712,   21,   60,  149,   89,  182, 1085,  268
  260,20170713,    3,   20,  146,   74,  205, 1763,    0
  260,20170714,   21,   60,  142,   80,  186, 1396,  176
  260,20170715,   21,   40,  172,  109,  215, 1550,   -1
  260,20170716,   18,   40,  186,  160,  221,  931,   12
  260,20170717,   18,   30,  186,  130,  231, 2859,   -1
  260,20170718,   35,   50,  199,  120,  252, 2623,    0
  260,20170719,   23,   70,  235,  180,  294, 1972,    1
  260,20170720,   28,   60,  191,  135,  242, 1394,  210
  260,20170721,   19,   50,  182,  128,  227, 2746,    0
  260,20170722,   18,   50,  194,  145,  242, 1888,   35
  260,20170723,   31,   60,  160,  132,  191, 1429,  112
  260,20170724,   15,   50,  161,  119,  202, 2152,   25
  260,20170725,   32,   60,  167,  140,  200, 1229,   83
  260,20170726,   21,   50,  190,  138,  236, 2221,    1
  260,20170727,   39,   60,  185,  162,  214, 1676,   -1
  260,20170728,   49,   70,  172,  148,  210, 1490,   17
  260,20170729,   29,   70,  182,  162,  205,  808,   76
  260,20170730,   36,   70,  188,  133,  229, 1761,   14
  260,20170731,   20,   50,  181,  126,  228, 1827,   -1
  260,20170801,    9,   20,  178,  125,  227, 1409,    0
  260,20170802,   24,   70,  176,  135,  220, 1286,   30
  260,20170803,   55,   90,  190,  165,  225, 1635,   17
  260,20170804,   49,   70,  183,  154,  218, 1948,    6
  260,20170805,   17,   40,  159,  106,  204, 1360,   18
  260,20170806,   17,   40,  158,   90,  217, 1869,    0
  260,20170807,    8,   40,  168,   88,  226, 2334,    0
  260,20170808,    4,   40,  162,  141,  196,  520,   65
  260,20170809,   28,   60,  167,  123,  213, 1736,   -1
  260,20170810,   13,   30,  157,   97,  205,  952,   24
  260,20170811,   15,   40,  167,  120,  203, 1631,    2
  260,20170812,   24,   40,  168,  125,  216, 1060,   44
  260,20170813,    6,   30,  162,  100,  215, 1860,    0
  260,20170814,   21,   40,  179,  105,  241, 2118,    0
  260,20170815,    4,   30,  179,  136,  218,  751,   15
  260,20170816,   12,   30,  176,  116,  233, 1584,    0
  260,20170817,   31,   50,  173,  121,  199,  519,   23
  260,20170818,   32,   50,  169,  130,  201,  882,   62
  260,20170819,   37,   50,  154,  127,  196, 1446,  104
  260,20170820,   29,   50,  158,  115,  198, 1816,   -1
  260,20170821,   10,   40,  159,  112,  208, 1034,    0
  260,20170822,   19,   40,  182,  129,  235, 1942,    0
  260,20170823,   20,   40,  196,  129,  250, 1786,    0
  260,20170824,   25,   40,  179,  111,  222, 1360,   -1
  260,20170825,    8,   20,  169,  102,  234, 1891,    0
  260,20170826,   11,   30,  182,  100,  250, 1739,    0
  260,20170827,    9,   20,  178,  110,  247, 1871,    0
  260,20170828,    4,   30,  187,  106,  268, 1958,    0
  260,20170829,    4,   40,  210,  122,  290, 1687,   15
  260,20170830,   18,   50,  178,  135,  225,  530,   88
  260,20170831,   19,   40,  144,   95,  197, 1336,   20
  260,20170901,    6,   30,  147,   98,  193, 1193,    3
  260,20170902,   12,   30,  133,   77,  194, 1519,    0
  260,20170903,   11,   30,  130,   57,  200, 1493,    0
  260,20170904,   22,   40,  158,   84,  216, 1585,    0
  260,20170905,   24,   40,  186,  158,  217,  795,    6
  260,20170906,   34,   60,  159,  136,  183, 1107,   37
  260,20170907,   31,   50,  156,  130,  185,  850,   28
  260,20170908,   50,   60,  151,  139,  158,  268,  172
  260,20170909,   22,   40,  132,   82,  177,  979,  125
  260,20170910,   49,   80,  139,   82,  177, 1254,    9
  260,20170911,   64,   90,  141,  117,  174,  921,   95
  260,20170912,   43,   70,  146,  122,  183, 1522,    1
  260,20170913,   65,   90,  141,  108,  176, 1243,  125
  260,20170914,   36,   70,  117,  102,  144,  647,  207
  260,20170915,   27,   50,  125,   97,  164, 1165,   41
  260,20170916,   14,   30,  106,   62,  129,  546,  139
  260,20170917,    7,   30,  108,   48,  172, 1274,   -1
  260,20170918,   19,   30,  120,   74,  162, 1081,    8
  260,20170919,   11,   20,  120,   80,  174, 1052,   -1
  260,20170920,   22,   40,  135,   80,  175,  841,    6
  260,20170921,   21,   40,  134,   89,  186, 1277,    0
  260,20170922,    6,   20,  119,   58,  192,  784,    8
  260,20170923,    9,   20,  109,   39,  183, 1422,    0
  260,20170924,   17,   30,  121,   45,  204, 1408,    0
  260,20170925,   23,   40,  142,   97,  181,  766,    0
  260,20170926,   19,   30,  132,   86,  172,  792,    0
  260,20170927,   20,   40,  136,   66,  202, 1108,    0
  260,20170928,   22,   40,  158,  127,  206,  652,   11
  260,20170929,   24,   50,  171,  127,  227, 1018,  166
  260,20170930,   11,   20,  131,   77,  157,  296,   24
  260,20171001,   45,   70,  141,   97,  174,  727,   -1
  260,20171002,   47,   70,  156,  134,  179,  648,    6
  260,20171003,   32,   50,  136,  118,  164,  906,   16
  260,20171004,   41,   60,  130,  114,  152,  542,   28
  260,20171005,   45,   90,  129,  103,  160,  802,  252
  260,20171006,   28,   50,  116,   95,  150,  912,   32
  260,20171007,   39,   70,  122,  106,  143,  204,  159
  260,20171008,   14,   30,  121,   97,  147,  604,    1
  260,20171009,   18,   30,  121,  101,  134,  138,  104
  260,20171010,   40,   60,  143,  124,  158,  360,    3
  260,20171011,   60,   70,  148,  142,  161,  413,    2
  260,20171012,   35,   60,  134,  108,  161,  809,    2
  260,20171013,   37,   60,  153,  109,  182,  512,    0
  260,20171014,   28,   50,  148,   96,  199,  995,    0
  260,20171015,   27,   40,  158,   93,  221, 1004,    0
  260,20171016,   27,   40,  186,  137,  244,  881,    0
  260,20171017,   22,   40,  129,   82,  166,  382,    0
  260,20171018,   14,   30,  137,  104,  186,  827,    0
  260,20171019,   28,   40,  157,  101,  204,  798,   -1
  260,20171020,   52,   80,  137,  104,  167,  330,   73
  260,20171021,   47,   70,  132,  104,  175,  581,    5
  260,20171022,   44,   60,  108,   96,  132,  461,  132
  260,20171023,   28,   50,  126,  103,  152,  580,    1
  260,20171024,   45,   60,  153,  130,  171,  152,    8
  260,20171025,   34,   60,  142,   90,  171,  302,   -1
  260,20171026,   22,   40,  140,  127,  175,  522,    0
  260,20171027,   26,   50,  118,   99,  144,  685,    4
  260,20171028,   51,   80,  124,   93,  153,  227,   16
  260,20171029,   47,   80,  107,   68,  152,  593,   10
  260,20171030,   18,   40,   83,   45,  121,  665,   -1
  260,20171031,   36,   50,  101,   82,  112,  208,   -1
  260,20171101,   32,   50,  112,   96,  135,  290,    0
  260,20171102,   20,   40,   98,   38,  140,  419,   -1
  260,20171103,   14,   30,   88,   34,  124,  255,    5
  260,20171104,   27,   50,  106,   74,  131,  430,   30
  260,20171105,   20,   40,   78,   50,  109,  413,   48
  260,20171106,   11,   20,   48,   -5,  109,  596,    4
  260,20171107,   11,   20,   33,  -13,   98,  663,    0
  260,20171108,   16,   30,   59,   24,   76,  151,    0
  260,20171109,   33,   50,   87,   62,  111,  357,   14
  260,20171110,   37,   70,   92,   58,  118,  316,   29
  260,20171111,   25,   50,   66,   38,   94,  202,   37
  260,20171112,   17,   40,   52,   32,   64,  191,   74
  260,20171113,   25,   50,   62,   10,  103,  529,   13
  260,20171114,   38,   60,   77,   27,   92,  217,    4
  260,20171115,   27,   40,   94,   85,  102,  107,   23
  260,20171116,   22,   40,   93,   62,  107,   78,   18
  260,20171117,   13,   30,   56,    6,  110,  423,    0
  260,20171118,   30,   60,   69,   35,   96,  217,   50
  260,20171119,   30,   50,   67,   44,   99,  419,   19
  260,20171120,   35,   50,   78,   46,  118,   63,   97
  260,20171121,   42,   60,  115,  106,  124,   51,   13
  260,20171122,   60,   70,  114,  105,  133,  340,   13
  260,20171123,   58,  100,  111,   82,  144,  142,    8
  260,20171124,   15,   40,   69,   43,   92,  241,   16
  260,20171125,   24,   40,   37,   -6,   74,  256,    2
  260,20171126,   33,   50,   53,   30,   80,  334,   57
  260,20171127,   49,   80,   67,   47,   91,   75,  152
  260,20171128,   30,   40,   54,   12,   78,  220,    9
  260,20171129,   16,   30,   29,    6,   40,  107,    1
  260,20171130,   14,   30,   15,  -24,   46,  202,    6
  260,20171201,   11,   30,    0,  -28,   31,  171,   -1
  260,20171202,   24,   40,   -4,  -12,    6,  127,   -1
  260,20171203,   23,   40,   37,    3,   66,   87,   20
  260,20171204,   24,   30,   70,   52,   91,  159,   25
  260,20171205,   31,   50,   76,   54,   91,   78,    0
  260,20171206,   45,   70,   80,   69,   92,   97,    0
  260,20171207,   56,   80,   59,   43,   72,   41,   78
  260,20171208,   39,   60,   26,    3,   61,  111,  154
  260,20171209,   38,   60,   21,    4,   46,  142,  125
  260,20171210,   24,   80,   11,    0,   41,   36,  128
  260,20171211,   39,   70,   -1,  -29,   16,   50,   98
  260,20171212,   26,   40,   18,    3,   41,  310,    5
  260,20171213,   50,   70,   40,    8,   64,   56,  138
  260,20171214,   38,   50,   33,    4,   54,   93,  150
  260,20171215,   17,   40,   26,   -2,   43,   94,    2
  260,20171216,   21,   40,   27,    1,   62,  238,   14
  260,20171217,   27,   60,   25,  -28,   63,  324,   49
  260,20171218,   26,   50,   59,   22,   80,  138,    8
  260,20171219,   21,   40,   52,   13,   75,  166,   -1
  260,20171220,   14,   30,   75,   49,   87,   76,    3
  260,20171221,   15,   30,   84,   76,   93,   75,    3
  260,20171222,    7,   30,   86,   73,   96,   94,   25
  260,20171223,   47,   60,   87,   80,   94,   46,   -1
  260,20171224,   55,   70,   82,   72,   96,   65,    7
  260,20171225,   58,   70,   74,   45,   91,   76,    4
  260,20171226,   55,   80,   58,   46,   74,  208,   12
  260,20171227,   27,   70,   51,   36,   66,   84,   73
  260,20171228,   35,   60,   39,   24,   53,  291,    7
  260,20171229,   39,   70,   28,   -7,   67,  104,   67
  260,20171230,   49,   80,   88,   39,  122,  111,   37
  260,20171231,   61,  100,  106,   85,  137,   85,  393
  260,20180101,   45,   90,   68,   52,   88,  224,   47
